Accuracy: 0.650154798762
Precision(Macro): 0.690651906519
Recall(Macro): 0.629530981206
F1 measure(Macro): 0.636903933418

Precision(Weighted): 0.676770475135

Precision(Micro): 0.650154798762
Recall(Micro): 0.650154798762
F1 measure(Micro): 0.650154798762
