Accuracy: 0.588235294118
Precision: 0.135095447871
Recall: 0.137518684604
F1 measure: 0.136296296296
