Accuracy: 0.660546875
Precision: 0.554894022267
Recall: 0.470954057425
F1 measure: 0.488462900127
