Accuracy: 0.714444444444
Precision(Macro): 0.729839483327
Recall(Macro): 0.688968921397
F1 measure(Macro): 0.701609277834

Precision(Weighted): 0.722059440782

Precision(Micro): 0.714444444444
Recall(Micro): 0.714444444444
F1 measure(Micro): 0.714444444444
