Accuracy: 0.585546875
Precision: 0.521224799526
Recall: 0.487611402467
F1 measure: 0.46679880528
